1       11331111       1111   1111    1111   1111    1133111
111     1111        133#331    11    111111113331      13333
 11               1133###31           11111113331       133#
 111           1133333331            1111    111       11111
1133331111      13311         11311   1111   11111  11311   
3333311111      1111       11333311 113311   11333113331    
1111             1111111113333111   1333311  113##3331111   
                11331111133331       13311   13###311   1111
1     1111    1133331    113311        11     13###31    111
      11111133#####31      111                 1333311111311
111      113333######311      113333311         113333333331
1111    113311111333311       13###331           11111133311
11111  133331      11          133331      111111      11311
1111   113331                   13311    1333311     1111111
1111     133311                 11331111333331      133311  
1111   113###31       1       113311111113311       1111    
111311133####311    11111111133##31      13311              
1133#######311 1111111   113####31     113331           1133
11333333311    1133331     13331      113##311    111   1133
113311         13###331   111         13###31    1111    11 
11111           13#####3311            133#3311 113331      
1111             1333####31              33#331133#331      
1111    111      111  133331     1111     13311 113311      
1111    1111  13331     1333111133#3311  111              11
1111      11133###3       11111113####3331111             13
111       11133###3       111    13###33333311             1
1111     111   113331    11311    11311  11311              
11111113331     1133111133##3311 111              11111     
   1133###31     1111111133##331111111            1333111   
   11333331     1111     133311    111113331     1111   1111
11111111       1133311111133311       11133311   1111    111
33311           133333333333311         1111      111   1131
333#3311          133#####33333311      1111         1113333
13####311         11133311  113331    133331        11333331
 13##311      11111            111    13###331       113311 
 1111      133#331                  1133###311      11111   
          13####31              113333333311      111     11
        13###331              113331111111     113311     11
111     133#331      1111     113311      11111333311       
##331111333311      11111   113331        11333331          
#####3333331111113311      1133331          11331      1111 
133331111      133311     11111111           1111    13##331
   1             1333333111       1111111    1111111133###31
               13#######3          113331    11111  111311  
              113#####331            11311   11331          
       1       13###311       1111   1111    113311111111111
31  1133331       111         1331     11     11333333333311
11  13####31                  111              113#####3311 
1      13###31         111              11       11333311   
        13###31       11111  11311   113333111111       1111
         13#####31     111111113311111133##333311       1333
         13#####31    11111            13333311   11111333##
        1133331111     11331            113311     111111111
11     113311         11333311111111111133311               
11      11311          11133#######33333333311              
       11111111133#3311   133######3311111111               
        1111   133###31      111133311    1111   1111       
11      111     13##311         11111     111    1111       
11              1133#33111      1111                1     11
            111113333333111111113311                11133333
11111111111111111111111111111111113311       1       1133111
33333333311                      13#3311 1133311    13331   
33####3311        111111          133311111333111111333331  
13###311       11333311111       13311   1111     1113333311
 13###31        13311      11111133311    111          11331
 1133111        11         111113333311  11             1111
        11                       133333111               111
       1111     1       1111      1111111              11311
1       11111 11333111133333311111        111111111111133331
#31   1133311111333333#####31111           111133333333111  
#33111113##31     11333##331                   13##311      
11     113331      1111111            111    113##311       
          1333333111       111111     111111133####31     13
           3#####33111      111      1133333######311   13##
            33#331133331              11111133#####31    113
11133311   1111    1111              1111    13###311       
333####33111                11111     111      13#3311      
33#######31                      11111       1133333311     
11333333311     1111             11311     1111111311111    
113311         1133311111111111113331                   1111
11111         1133######3333311111111                   1333
     1111111133333########331                     11111333##
1     111111111111111111133311                    1111111111
                         133331    11111111111111           
1                         3####311   1113######31           
113331                   3####31      11#####31       111111
113##331    111        113##331       113##331       1133311
113##311   1111      113###31       113###31         11111  
  1133331111         113#33        1133331             1111 
   11333311           1131      133311                113311
1111111111111111       1111   113###31       1       1133111
311        1333331     11111333####311   11333311  113331   
31         3####31       13#####3311  11133####331    1     
         13###31        13###311     113333333311           
1       13###31        13###31        113311     11111111111
1    1133###31       1133311        11331        133#3333333
3111113311333331                 13333311        13####33333
1  11111   13311   11         13####31           111111    1
     111    111    13331       13##31       11111           
     131111111    13###331      11111      1111             
